public static int[,] sudokuBoard = new int[9, 9] { { 4, 2, 8, 5, 9, 3, 6, 7, 1 },
                                                    { 7, 3, 9, 8, 6, 1, 5, 2, 4 },
                                                    { 5, 6, 1, 4, 7, 2, 9, 8, 3 },
                                                    { 1, 8, 3, 2, 4, 6, 7, 5, 9 },
                                                    { 9, 4, 6, 1, 5, 7, 2, 3, 8 },
                                                    { 2, 5, 7, 9, 3, 8, 1, 4, 6 },
                                                    { 3, 1, 5, 6, 2, 4, 8, 9, 7 },
                                                    { 8, 9, 4, 7, 1, 5, 3, 6, 2 },
                                                    { 6, 7, 2, 3, 8, 9, 4, 1, 5 }};    

    public static int[,] sudokuBoard = new int[9, 9] { { 0, 0, 0, 0, 0, 5, 4, 6, 9 },
                                                    { 0, 0, 0, 7, 0, 0, 3, 0, 5 },
                                                    { 0, 0, 0, 6, 2, 0, 1, 0, 0 },
                                                    { 0, 0, 3, 1, 0, 2, 6, 0, 0 },
                                                    { 0, 0, 0, 5, 0, 0, 0, 0, 7 },
                                                    { 9, 0, 0, 0, 3, 0, 2, 0, 0 },
                                                    { 0, 0, 0, 0, 6, 0, 7, 0, 0 },
                                                    { 0, 0, 0, 0, 0, 0, 9, 4, 0 },
                                                    { 0, 0, 6, 3, 0, 1, 0, 0, 0 }};   